50
200
923
559
844
673
954
968
279
515
918
982
71
523
553
499
729
480
135
527
655
295
734
658
657
872
737
225
33
25
414
607
452
337
107
694
814
496
520
878
733
406
897
765
457
937
515
495
114
171
409
952
842
274
551
352
540
585
375
271
606
24
650
145
499
408
66
59
276
738
125
943
224
920
188
828
657
12
181
922
562
527
190
508
533
661
691
518
297
975
417
953
869
920
132
357
590
69
542
847
775
583
945
667
577
315
143
236
136
619
896
561
305
742
396
90
697
670
929
484
368
289
7
424
558
234
186
539
420
816
400
426
702
47
124
740
7
365
538
228
597
160
276
527
39
687
836
467
917
350
778
137
47
222
713
476
417
548
717
82
917
665
856
267
529
210
773
943
194
224
428
685
897
706
208
418
621
450
669
886
250
118
254
853
96
992
454
844
39
584
293
563
865
312
13
18
504
520
582
319
979
563
